0.000000000000000000e+00 1.000000000000000000e+00
1.000000031999999893e-04 9.999949211532122018e-01
2.000000063999999786e-04 9.999792228995043608e-01
2.999999080000000161e-04 9.999515200988435826e-01
3.999999619999999542e-04 9.999136596046072079e-01
5.000000160000000549e-04 9.998651797034507904e-01
6.000000699999999930e-04 9.998051569686856599e-01
7.000001239999999311e-04 9.997345148270005977e-01
7.999999239999999083e-04 9.996537149917399390e-01
8.999999779999998464e-04 9.995613723228705672e-01
1.000000032000000110e-03 9.994584102470812637e-01
1.100000085999999939e-03 9.993448287643720285e-01
1.199999885999999917e-03 9.992201661613984154e-01
1.299999939999999963e-03 9.990839607248160892e-01
1.399999993999999793e-03 9.989375975946581665e-01
1.500000048000000056e-03 9.987801533442359769e-01
1.600000101999999669e-03 9.986116279735494095e-01
1.699999902000000080e-03 9.984324831959427993e-01
1.799999955999999693e-03 9.982417955847275870e-01
1.900000009999999956e-03 9.980409502799367782e-01
2.000000064000000220e-03 9.978285621415372564e-01
2.100000117999999832e-03 9.976050928828734676e-01
2.199999918000000027e-03 9.973705425039453010e-01
2.299999971999999639e-03 9.971249110047528674e-01
2.400000025999999686e-03 9.968686600986403912e-01
2.500000080000000166e-03 9.966008663589193128e-01
2.599994799999999842e-03 9.963219914989338566e-01
2.699994600000000036e-03 9.960320355186841335e-01
2.799994399999999797e-03 9.957305367048256972e-01
2.899994199999999991e-03 9.954184184840473293e-01
2.999994000000000185e-03 9.950952191430045835e-01
3.099993799999999945e-03 9.947595535416645651e-01
3.199993600000000139e-03 9.944137302467488393e-01
3.299993399999999900e-03 9.940563641182245114e-01
3.399993200000000094e-03 9.936869934427471351e-01
3.499992999999999854e-03 9.933070033603497162e-01
3.599992799999999615e-03 9.929150087309993600e-01
3.699992599999999809e-03 9.925119329813846258e-01
3.799992399999999569e-03 9.920977761115056248e-01
3.899992200000000197e-03 9.916706912679849051e-01
3.999991999999999957e-03 9.912334487308884778e-01
4.099991800000000151e-03 9.907832782201504429e-01
4.199991599999999478e-03 9.903224883024924763e-01
4.299991399999999672e-03 9.898496938378813503e-01
4.399991199999999866e-03 9.893644331129729519e-01
4.499990999999999193e-03 9.888685529811445107e-01
4.599990800000000254e-03 9.883597448756744619e-01
4.699990600000000449e-03 9.878398556499400351e-01
4.799990399999999775e-03 9.873079618772525601e-01
4.899990199999999969e-03 9.867636018442678125e-01
4.999989999999999296e-03 9.862076989776743519e-01
5.099989799999999490e-03 9.856388681374391725e-01
5.199989599999999684e-03 9.850589561769396152e-01
5.299989399999999878e-03 9.844670396694871206e-01
5.399989200000000072e-03 9.838612717617042369e-01
5.499989000000000267e-03 9.832448844470013105e-01
5.599988799999999593e-03 9.826146457319679950e-01
5.699988599999999787e-03 9.819733258966704126e-01
5.799988399999999981e-03 9.813195398010754467e-01
5.899988199999999308e-03 9.806519023051500916e-01
5.999988000000000370e-03 9.799727219756160235e-01
6.099987799999999696e-03 9.792815370991289070e-01
6.199987599999999890e-03 9.785755773956227310e-01
6.299987400000000085e-03 9.778589982851966234e-01
6.400012599999999399e-03 9.771276443477514562e-01
6.500012400000000461e-03 9.763847475766974648e-01
6.600012199999999787e-03 9.756293845453462010e-01
6.700011999999999981e-03 9.748587849736315425e-01
6.800011799999999308e-03 9.740771042816525060e-01
6.900011599999999502e-03 9.732806487626544101e-01
7.000011399999998829e-03 9.724726504100476010e-01
7.100011199999999890e-03 9.716512623704547380e-01
7.200011000000000085e-03 9.708146377904984803e-01
7.300010799999999411e-03 9.699660086635891743e-01
7.400010600000000473e-03 9.691026047096608087e-01
7.500010399999998932e-03 9.682271962087792838e-01
7.600010199999999994e-03 9.673379363075677029e-01
7.700009999999999320e-03 9.664334398659922831e-01
7.800009799999999514e-03 9.655164771641197019e-01
7.900009600000000576e-03 9.645842779218837260e-01
8.000009399999999035e-03 9.636396124193503665e-01
8.100009199999999229e-03 9.626806338031419497e-01
8.200008999999999423e-03 9.617059569332261360e-01
8.300008799999999617e-03 9.607188138030127167e-01
8.400008599999999812e-03 9.597150489924030081e-01
8.500008400000000006e-03 9.586992796348402512e-01
8.600008200000000200e-03 9.576687354502582128e-01
8.700007999999998659e-03 9.566215695852798850e-01
8.800007800000000588e-03 9.555619374600040627e-01
8.900007599999999047e-03 9.544852219409873939e-01
9.000007399999999241e-03 9.533955784483292284e-01
9.100007199999999435e-03 9.522911601286517813e-01
9.200006999999999630e-03 9.511696584152334877e-01
9.300006799999999824e-03 9.500347670148293622e-01
9.400006600000000018e-03 9.488846390740616199e-01
9.500006400000000212e-03 9.477174277395530311e-01
9.600006199999998671e-03 9.465363650047140531e-01
9.700006000000000600e-03 9.453377571627900045e-01
9.800005799999999059e-03 9.441257596338796798e-01
9.900005599999999253e-03 9.428980638512617363e-01
1.000000539999999945e-02 9.416518995348699406e-01
1.010000519999999964e-02 9.403923455314919799e-01
1.020000499999999984e-02 9.391138612809959429e-01
1.030000480000000003e-02 9.378219873435139631e-01
1.040000460000000022e-02 9.365139534389793630e-01
1.050000439999999868e-02 9.351865275739825734e-01
1.060000419999999888e-02 9.338457120219996188e-01
1.070000400000000081e-02 9.324850427962099175e-01
1.080000379999999927e-02 9.311105221700896051e-01
1.090000359999999946e-02 9.297193798635728923e-01
1.100000339999999965e-02 9.283079221699048755e-01
1.110000319999999985e-02 9.268826130759065807e-01
1.120000299999999831e-02 9.254369885947570928e-01
1.130000280000000024e-02 9.239770509999325476e-01
1.140000260000000043e-02 9.225000300113673779e-01
1.150000239999999889e-02 9.210017702089622338e-01
1.160000219999999908e-02 9.194891972928823654e-01
1.170000199999999928e-02 9.179558472763068577e-01
1.180000179999999947e-02 9.164077224327121796e-01
1.190000159999999967e-02 9.148411290553437603e-01
1.200000139999999986e-02 9.132537585774797018e-01
1.210000120000000005e-02 9.116506898459078023e-01
1.220000099999999851e-02 9.100291525805620507e-01
1.230000080000000044e-02 9.083863765013763247e-01
1.240000059999999890e-02 9.067279021684828688e-01
1.250000039999999910e-02 9.050472655950607681e-01
1.260000019999999929e-02 9.033509307679308264e-01
1.269999999999999948e-02 9.016356656936826974e-01
1.279999979999999794e-02 8.998982383789060346e-01
1.289999959999999987e-02 8.981441893837327495e-01
1.299999940000000007e-02 8.963675164346864843e-01
1.309999919999999853e-02 8.945746835185881540e-01
1.319999899999999872e-02 8.927619969286828550e-01
1.329999880000000065e-02 8.909262246715602407e-01
1.339999859999999911e-02 8.890738307340411151e-01
1.349999839999999930e-02 8.871978894159603390e-01
1.359999820000000123e-02 8.853048647041387165e-01
1.369999799999999969e-02 8.833915246051657899e-01
1.379999779999999988e-02 8.814541754122868777e-01
1.389999759999999834e-02 8.794997428256672301e-01
1.399999740000000027e-02 8.775208394317970395e-01
1.409999719999999873e-02 8.755243909308417782e-01
1.419999699999999893e-02 8.735071653293908778e-01
1.429999680000000085e-02 8.714645454940009861e-01
1.439999659999999931e-02 8.694048422648701369e-01
1.449999639999999951e-02 8.673192830884559612e-01
1.459999619999999797e-02 8.652161788049566038e-01
1.469999599999999990e-02 8.630909122809286016e-01
1.479999580000000009e-02 8.609402515229614972e-01
1.489999559999999855e-02 8.587711222312205406e-01
1.499999540000000048e-02 8.565798306989509392e-01
1.509999519999999894e-02 8.543622215060535652e-01
1.519999499999999913e-02 8.521261437793822280e-01
1.529999479999999759e-02 8.498632866787388940e-01
1.539999459999999952e-02 8.475814993309773726e-01
1.549999439999999971e-02 8.452770880293427602e-01
1.559999419999999817e-02 8.429449739270474806e-01
1.569999400000000184e-02 8.405939295776339026e-01
1.579999379999999856e-02 8.382156441409038816e-01
1.589999359999999876e-02 8.358175050303668918e-01
1.599999339999999895e-02 8.333958185392682516e-01
1.609999319999999914e-02 8.309464292475088332e-01
1.619999299999999934e-02 8.284771862819424459e-01
1.629999279999999953e-02 8.259793170890266101e-01
1.639999259999999973e-02 8.234615942223039164e-01
1.649999239999999992e-02 8.209194005483307910e-01
1.659999220000000011e-02 8.183485806470081059e-01
1.669999199999999684e-02 8.157569836451898926e-01
1.679999180000000050e-02 8.131362987026778955e-01
1.689999160000000070e-02 8.104952983730144833e-01
1.699999139999999742e-02 8.078289038094120800e-01
1.709999120000000108e-02 8.051329595917715576e-01
1.719999100000000128e-02 8.024157765602909498e-01
1.729999079999999800e-02 7.996690438747722229e-01
1.739999059999999820e-02 7.969010723754136327e-01
1.749999039999999839e-02 7.941067832154271589e-01
1.759999019999999859e-02 7.912824826880581197e-01
1.769998999999999878e-02 7.884364816335048820e-01
1.779998979999999897e-02 7.855600074982247438e-01
1.789998959999999917e-02 7.826613711224159609e-01
1.799998939999999936e-02 7.797359553726349590e-01
1.809998919999999956e-02 7.767800665421271678e-01
1.819998899999999975e-02 7.738015537577463965e-01
1.829998879999999994e-02 7.707962615993935174e-01
1.839998860000000014e-02 7.677595729336250674e-01
1.849998840000000033e-02 7.646997986006391912e-01
1.859998820000000053e-02 7.616086277602378551e-01
1.869998799999999725e-02 7.584948329659634281e-01
1.879998779999999745e-02 7.553528736576838876e-01
1.889998760000000111e-02 7.521795178419887762e-01
1.899998739999999783e-02 7.489821529323875682e-01
1.910001260000000062e-02 7.457529298020265651e-01
1.920001239999999734e-02 7.425001592911038006e-01
1.930001220000000101e-02 7.392192242661759227e-01
1.940001200000000120e-02 7.359059693071436925e-01
1.950001179999999792e-02 7.325682435408611415e-01
1.960001159999999812e-02 7.291981978404743492e-01
1.970001139999999831e-02 7.258036813328371251e-01
1.980001119999999851e-02 7.223805385978504523e-01
1.990001099999999870e-02 7.189246142154150920e-01
2.000001079999999890e-02 7.154437573123850758e-01
2.010001059999999909e-02 7.119301187619064830e-01
2.020001039999999928e-02 7.083915476908330122e-01
2.030001019999999948e-02 7.048234269657215334e-01
2.040000999999999967e-02 7.012225245931612561e-01
2.050000979999999987e-02 6.975962279866619875e-01
2.060000960000000006e-02 6.939366880193698073e-01
2.070000940000000025e-02 6.902512921047941896e-01
2.080000920000000045e-02 6.865368082495246771e-01
2.090000899999999717e-02 6.827886193201179177e-01
2.100000879999999737e-02 6.790145744434276098e-01
2.110000860000000103e-02 6.752109799126992939e-01
2.120000839999999775e-02 6.713736803078335091e-01
2.130000819999999795e-02 6.675100630423400627e-01
2.140000800000000161e-02 6.636132024160535936e-01
2.150000779999999834e-02 6.596900241291393518e-01
2.160000759999999853e-02 6.557363727614983206e-01
2.170000739999999873e-02 6.517494780330642667e-01
2.180000719999999892e-02 6.477358039306579940e-01
2.190000699999999911e-02 6.436884247541145854e-01
2.200000679999999931e-02 6.396147279169432931e-01
2.210000659999999950e-02 6.355100962857008762e-01
2.220000639999999970e-02 6.313722212936654365e-01
2.230000619999999989e-02 6.272075669276577781e-01
2.240000599999999661e-02 6.230092074875129837e-01
2.250000580000000028e-02 6.187836069600516353e-01
2.260000560000000047e-02 6.145275333518633865e-01
2.270000539999999720e-02 6.102382163828822259e-01
2.280000520000000086e-02 6.059216583265846223e-01
2.290000500000000105e-02 6.015713951961496608e-01
2.300000479999999778e-02 5.971938909783982563e-01
2.310000459999999797e-02 5.927863753932642865e-01
2.320000439999999817e-02 5.883451547339930698e-01
2.330000419999999836e-02 5.838766929874054101e-01
2.340000399999999856e-02 5.793754495933690629e-01
2.350000379999999875e-02 5.748460416853276023e-01
2.360000359999999894e-02 5.702866224099035763e-01
2.370000339999999914e-02 5.656948832003753092e-01
2.380000319999999933e-02 5.610749794768418175e-01
2.390000299999999953e-02 5.564227558192040846e-01
2.400000279999999972e-02 5.517423676475612382e-01
2.410000259999999991e-02 5.470324298218802728e-01
2.420000240000000011e-02 5.422901720620949551e-01
2.430000220000000030e-02 5.375202115016487481e-01
2.440000199999999703e-02 5.327207012871644221e-01
2.450000179999999722e-02 5.278888711385758548e-01
2.460000160000000088e-02 5.230297999026708444e-01
2.470000139999999761e-02 5.181388704460058170e-01
2.480000119999999780e-02 5.132206999020244576e-01
2.490000100000000147e-02 5.082729797040047570e-01
2.500000079999999819e-02 5.032938629985695966e-01
2.510000059999999839e-02 4.982879669191623284e-01
2.520000039999999858e-02 4.932506743323394338e-01
2.530000019999999877e-02 4.881866023715444314e-01
2.539999999999999897e-02 4.830934424700555896e-01
2.550007599999999999e-02 4.779698094878398473e-01
2.559989799999999940e-02 4.728193971316519972e-01
2.569997400000000043e-02 4.676389734080816374e-01
2.580004999999999798e-02 4.624317703105391142e-01
2.590012599999999901e-02 4.571963103563226882e-01
2.599994799999999842e-02 4.519317624614123119e-01
2.610002399999999945e-02 4.466403890211954608e-01
2.620010000000000047e-02 4.413205278676323173e-01
2.629992199999999988e-02 4.359739335114315439e-01
2.639999799999999744e-02 4.306000057252454272e-01
2.650007399999999846e-02 4.251982366243952094e-01
2.659989599999999788e-02 4.197701960342517524e-01
2.669997199999999890e-02 4.143149143567917969e-01
2.680004799999999993e-02 4.088334535327073360e-01
2.690012399999999748e-02 4.033256750479950470e-01
2.699994600000000036e-02 3.977913942173174067e-01
2.710002199999999792e-02 3.922314882960284410e-01
2.720009799999999894e-02 3.866457725987905159e-01
2.729991999999999835e-02 3.810344779822757433e-01
2.739999599999999938e-02 3.753980199884941471e-01
2.750007200000000041e-02 3.697365371314488280e-01
2.759989399999999982e-02 3.640502140964778088e-01
2.769996999999999737e-02 3.583393279115874575e-01
2.780004599999999840e-02 3.526043402901222201e-01
2.790012199999999942e-02 3.468451127180787186e-01
2.799994399999999883e-02 3.410624301081424670e-01
2.810001999999999986e-02 3.352558307469690746e-01
2.820009599999999741e-02 3.294259610332406218e-01
2.829991800000000030e-02 3.235736982223112457e-01
2.839999399999999785e-02 3.176981650588269201e-01
2.850006999999999888e-02 3.118009775394926519e-01
2.859989199999999829e-02 3.058808428669443913e-01
2.869996799999999931e-02 2.999389153245429207e-01
2.880004400000000034e-02 2.939763491956491892e-01
2.890011999999999789e-02 2.879916669975612353e-01
2.899994199999999731e-02 2.819871772970007906e-01
2.910001799999999833e-02 2.759608947265872470e-01
2.920009399999999936e-02 2.699143891116912441e-01
2.929991599999999877e-02 2.638491379350147437e-01
2.939999199999999979e-02 2.577630634865082371e-01
2.950006799999999735e-02 2.516590745602411139e-01
2.959989000000000023e-02 2.455346317328193917e-01
2.969996599999999778e-02 2.393916280289549448e-01
2.980004199999999881e-02 2.332318179593563245e-01
2.990011799999999983e-02 2.270526159292950708e-01
2.999993999999999925e-02 2.208557302781453402e-01
3.010001600000000027e-02 2.146433772299600196e-01
3.020009199999999783e-02 2.084125094766663966e-01
3.029991399999999724e-02 2.021668668963536586e-01
3.039998999999999826e-02 1.959033098382803040e-01
3.050006599999999929e-02 1.896239621838302358e-01
3.059988799999999870e-02 1.833311786710597191e-01
3.069996399999999973e-02 1.770214964498861010e-01
3.080003999999999728e-02 1.706991632830773542e-01
3.090011599999999831e-02 1.643605778065476419e-01
3.099993799999999772e-02 1.580080947583530904e-01
3.110001399999999874e-02 1.516443459045564712e-01
3.120008999999999977e-02 1.452654066817308243e-01
3.129991199999999918e-02 1.388759865659885406e-01
3.139998800000000367e-02 1.324720686512337320e-01
3.150006399999999429e-02 1.260562385321948309e-01
3.159988599999999370e-02 1.196313588316066656e-01
3.169996199999999820e-02 1.131930894440325019e-01
3.180003800000000269e-02 1.067466477302633776e-01
3.190011400000000025e-02 1.002874627281902659e-01
3.199993599999999966e-02 9.381853557455147041e-02
3.210001199999999721e-02 8.734268272074745265e-02
3.220008799999999477e-02 8.085542554733810006e-02
3.229990999999999418e-02 7.436225844312108202e-02
3.239998599999999868e-02 6.785824107531190919e-02
3.250006200000000317e-02 6.134665160865546141e-02
3.259988400000000258e-02 5.483039883722111429e-02
3.269996000000000014e-02 4.830472711356208898e-02
3.280003599999999769e-02 4.177546787721748978e-02
3.290011199999999525e-02 3.523734374466144098e-02
3.299993399999999466e-02 2.869383603451030121e-02
3.310000999999999916e-02 2.214799667197021524e-02
3.320008600000000365e-02 1.559477913018746456e-02
3.329990800000000306e-02 9.037290739969509185e-03
3.339998399999999368e-02 2.478988810838813305e-03
3.350005999999999817e-02 -4.085441439511396447e-03
3.359988199999999758e-02 -1.064991232063590768e-02
3.369995800000000208e-02 -1.721963149734560827e-02
3.380003399999999963e-02 -2.379135450996977541e-02
3.390010999999999719e-02 -3.036164159409302302e-02
3.399993200000000354e-02 -3.693585324164321698e-02
3.410000799999999416e-02 -4.350780711093955866e-02
3.420008399999999865e-02 -5.008283137397580298e-02
3.429990599999999806e-02 -5.665758322613888981e-02
3.439998200000000256e-02 -6.322864137154719788e-02
3.450005800000000011e-02 -6.980140785632958644e-02
3.459987999999999952e-02 -7.636960337900293438e-02
3.469995599999999708e-02 -8.293867615703055807e-02
3.480003199999999464e-02 -8.950516334032984633e-02
3.490010799999999913e-02 -9.606574059282145528e-02
3.499992999999999854e-02 -1.026257176179654479e-01
3.510000600000000304e-02 -1.091789074569475410e-01
3.520008199999999365e-02 -1.157307121558966007e-01
3.529990400000000000e-02 -1.222776688647299881e-01
3.539997999999999756e-02 -1.288164994187029067e-01
3.550005599999999512e-02 -1.353524673499408304e-01
3.559987800000000147e-02 -1.418793856996296010e-01
3.569995399999999902e-02 -1.484026565138980291e-01
3.580003000000000352e-02 -1.549188169426635175e-01
3.590010599999999413e-02 -1.614246811638500589e-01
3.599992799999999354e-02 -1.679254203669143519e-01
3.610000399999999804e-02 -1.744178025584459668e-01
3.620008000000000253e-02 -1.808985495737000515e-01
3.629990200000000194e-02 -1.873727402594644320e-01
3.639997799999999950e-02 -1.938346031989347518e-01
3.650005399999999706e-02 -2.002889863822266137e-01
3.659987600000000341e-02 -2.067328425012674165e-01
3.669995199999999402e-02 -2.131630319053155198e-01
3.680002799999999852e-02 -2.195843564131521874e-01
3.690010400000000301e-02 -2.259913216359796806e-01
3.699992600000000242e-02 -2.323885447072414345e-01
3.710000199999999998e-02 -2.387730244901991872e-01
3.720007799999999754e-02 -2.451418983621180825e-01
3.729989999999999695e-02 -2.514996449424382052e-01
3.739997599999999450e-02 -2.578410930417028846e-01
3.750005199999999900e-02 -2.641704904226800932e-01
3.759987399999999841e-02 -2.704851129766382423e-01
3.769995000000000290e-02 -2.767822827661800544e-01
3.780002599999999352e-02 -2.830659705260669678e-01
3.790010199999999801e-02 -2.893316052941899419e-01
3.799992399999999743e-02 -2.955829731199725030e-01
3.809999999999999498e-02 -3.018174884086864962e-01
3.820007599999999948e-02 -3.080327964222756010e-01
3.829989799999999889e-02 -3.142324985248258762e-01
3.839997400000000338e-02 -3.204123469535691826e-01
3.850004999999999400e-02 -3.265757583872537229e-01
3.860012599999999849e-02 -3.327204242591578209e-01
3.869994799999999791e-02 -3.388442206878974905e-01
3.880002400000000240e-02 -3.449502873242142331e-01
3.890009999999999996e-02 -3.510348381186843003e-01
3.899992199999999937e-02 -3.571009665507150488e-01
3.909999799999999692e-02 -3.631463640535845805e-01
3.920007399999999448e-02 -3.691695069732566781e-01
3.929989599999999389e-02 -3.751727962191217514e-01
3.939997199999999838e-02 -3.811545234518058933e-01
3.950004800000000288e-02 -3.871129341606004970e-01
3.960012399999999350e-02 -3.930503830835617718e-01
3.969994599999999985e-02 -3.989641461119581289e-01
3.980002199999999740e-02 -4.048560700991667982e-01
3.990009799999999496e-02 -4.107247699051548295e-01
3.999991999999999437e-02 -4.165689065612236397e-01
4.009999599999999886e-02 -4.223900960640784574e-01
4.020007200000000336e-02 -4.281863992176729306e-01
4.029989400000000277e-02 -4.339589703053680081e-01
4.039996999999999339e-02 -4.397067935578060083e-01
4.050004599999999788e-02 -4.454289455482984272e-01
4.060012199999999544e-02 -4.511263035321994574e-01
4.069994400000000179e-02 -4.567976208834792495e-01
4.080001999999999934e-02 -4.624433131441478273e-01
4.090009599999999690e-02 -4.680632879715362349e-01
4.099991800000000325e-02 -4.736560217116083105e-01
4.109999399999999387e-02 -4.792228995043968376e-01
4.120006999999999836e-02 -4.847625362098690327e-01
4.129989199999999777e-02 -4.902749318280247293e-01
4.139996800000000227e-02 -4.957596246455195921e-01
4.150004399999999982e-02 -5.012170763756980119e-01
4.160011999999999738e-02 -5.066468253052156534e-01
4.169994199999999679e-02 -5.120484097207280705e-01
4.180001799999999434e-02 -5.174213679088910389e-01
4.190009399999999884e-02 -5.227656998697044477e-01
4.199991599999999825e-02 -5.280818673165128541e-01
4.209999200000000275e-02 -5.333689468226272545e-01
4.220006799999999336e-02 -5.386264766747035360e-01
4.229988999999999971e-02 -5.438553802994303688e-01
4.239996599999999727e-02 -5.490542725567746363e-01
4.250004199999999482e-02 -5.542240768734250089e-01
4.260011799999999932e-02 -5.593629463960041459e-01
4.269993999999999873e-02 -5.644722662645451638e-01
4.280001600000000322e-02 -5.695524981923922869e-01
4.290009199999999384e-02 -5.746008718994795039e-01
4.299991399999999325e-02 -5.796201576658728261e-01
4.309998999999999775e-02 -5.846075852115062421e-01
4.320006600000000224e-02 -5.895640779630684225e-01
4.329988800000000165e-02 -5.944910210605924838e-01
4.339996399999999921e-02 -5.993856442240121929e-01
4.350003999999999676e-02 -6.042507177333937829e-01
4.360011599999999432e-02 -6.090830095953266854e-01
4.369993799999999373e-02 -6.138834432364996818e-01
4.380001399999999823e-02 -6.186547889369788944e-01
4.390009000000000272e-02 -6.233924295633207491e-01
4.399991200000000213e-02 -6.281000588222800385e-01
4.409998799999999969e-02 -6.327744447204464162e-01
4.420006399999999724e-02 -6.374165106845085527e-01
4.429988599999999666e-02 -6.420290269945323480e-01
4.439996199999999421e-02 -6.466069148037302261e-01
4.450003799999999871e-02 -6.511552529588899851e-01
4.460011400000000320e-02 -6.556694243265680511e-01
4.469993600000000261e-02 -6.601512757601417647e-01
4.480001199999999323e-02 -6.646031158263330241e-01
4.490008799999999772e-02 -6.690198656783538089e-01
4.499990999999999713e-02 -6.734047573096147987e-01
4.509998600000000163e-02 -6.777596375734932233e-01
4.520006199999999918e-02 -6.820794276232012843e-01
4.529988399999999860e-02 -6.863696680188711152e-01
4.539996000000000309e-02 -6.906243564870263585e-01
4.550003599999999371e-02 -6.948467250210772495e-01
4.560011199999999820e-02 -6.990395439010899103e-01
4.569993399999999761e-02 -7.031968108535879836e-01
4.580001000000000211e-02 -7.073245281520477157e-01
4.590008599999999966e-02 -7.114166935229928601e-01
4.599990799999999908e-02 -7.154760772464893170e-01
4.609998399999999663e-02 -7.195059113159476549e-01
4.620005999999999419e-02 -7.235006551712356293e-01
4.629988199999999360e-02 -7.274653876591410384e-01
4.639995799999999809e-02 -7.313950299328760840e-01
4.650003400000000259e-02 -7.352914288458182179e-01
4.660010999999999320e-02 -7.391592015314107922e-01
4.669993199999999955e-02 -7.429909605761443325e-01
4.680000799999999711e-02 -7.467940933935284242e-01
4.690008399999999467e-02 -7.505607508567091468e-01
4.699990600000000102e-02 -7.542955500991298523e-01
4.709998199999999857e-02 -7.580012614008567740e-01
4.720005800000000307e-02 -7.616714207750689969e-01
4.729988000000000248e-02 -7.653129539219316602e-01
4.739995599999999309e-02 -7.689184734279352895e-01
4.750003199999999759e-02 -7.724921347131790128e-01
4.760010799999999515e-02 -7.760371697710732874e-01
4.769993000000000150e-02 -7.795471146147971986e-01
4.780000599999999905e-02 -7.830279715178272149e-01
4.790008199999999661e-02 -7.864737382066868676e-01
4.799990400000000296e-02 -7.898876466747866143e-01
4.809997999999999357e-02 -7.932733906288812475e-01
4.820005599999999807e-02 -7.966240443688055173e-01
4.829987799999999748e-02 -7.999428398879698809e-01
4.839995400000000197e-02 -8.032339326064733553e-01
4.850002999999999953e-02 -8.064899351108065773e-01
4.860010599999999709e-02 -8.097182348144789099e-01
4.869992799999999650e-02 -8.129114443039809901e-01
4.880000399999999405e-02 -8.160732572860673883e-01
4.890007999999999855e-02 -8.192082908941817898e-01
4.899990199999999796e-02 -8.223082342881257167e-01
4.909997800000000245e-02 -8.253809365947533117e-01
4.920005399999999307e-02 -8.284194721138991024e-01
4.929987599999999942e-02 -8.314266111256294334e-01
4.939995199999999698e-02 -8.344074324767319917e-01
4.950002799999999453e-02 -8.373536253270085217e-01
4.960010399999999903e-02 -8.402735005166572790e-01
4.969992599999999844e-02 -8.431587472054800081e-01
4.980000200000000293e-02 -8.460139825269201719e-01
4.990007799999999355e-02 -8.488429001877326741e-01
4.999989999999999296e-02 -8.516381127744078183e-01
5.009997599999999746e-02 -8.544070077004551900e-01
5.020005200000000195e-02 -8.571426592657095389e-01
5.029987400000000136e-02 -8.598482994635814336e-01
5.039994999999999892e-02 -8.625280837141698909e-01
5.050002599999999647e-02 -8.651746246039653254e-01
5.060010199999999403e-02 -8.677953095464774336e-01
5.069992399999999344e-02 -8.703832128415408542e-01
5.079999999999999793e-02 -8.729420281959104910e-01
5.090007600000000243e-02 -8.754749876029966904e-01
5.099989800000000184e-02 -8.779756270759786485e-01
5.109997399999999940e-02 -8.804476403216110469e-01
5.120005000000000389e-02 -8.828942593333044542e-01
5.130012600000000145e-02 -8.853090201242378443e-01
5.139994800000000086e-02 -8.876983866812321322e-01
5.150002399999999148e-02 -8.900558950174666251e-01
5.160009999999999597e-02 -8.923852388396958935e-01
5.169992199999999538e-02 -8.946901118546748410e-01
5.179999799999999294e-02 -8.969631266488937715e-01
5.190007399999999743e-02 -8.992116706358623812e-01
5.199989599999999684e-02 -9.014292798287597552e-01
5.209997200000000134e-02 -9.036187245076520158e-01
5.220004799999999889e-02 -9.057841600926381798e-01
5.230012400000000339e-02 -9.079191225968974432e-01
5.239994600000000280e-02 -9.100296142939063859e-01
5.250002200000000036e-02 -9.121096329101884281e-01
5.260009800000000485e-02 -9.141624104391540273e-01
5.269992000000000426e-02 -9.161911788742136409e-01
5.279999599999999488e-02 -9.181899359418905782e-01
5.290007199999999243e-02 -9.201651456290059761e-01
5.299989399999999184e-02 -9.221108056620830329e-01
5.309996999999999634e-02 -9.240292246078437577e-01
5.320004599999999390e-02 -9.259250195997315025e-01
5.330012199999999839e-02 -9.277908032242365710e-01
5.339994399999999780e-02 -9.296335011815244354e-01
5.350002000000000230e-02 -9.314466494847740696e-01
5.360009599999999985e-02 -9.332339418407401554e-01
5.369991799999999926e-02 -9.349986102428333723e-01
5.379999400000000376e-02 -9.367341907042329163e-01
5.390007000000000131e-02 -9.384471472117591473e-01
5.399989200000000072e-02 -9.401310157785919275e-01
5.409996799999999134e-02 -9.417899518248297186e-01
5.420004399999999584e-02 -9.434258022038501945e-01
5.430011999999999339e-02 -9.450339497822097812e-01
5.439994199999999280e-02 -9.466167031266302656e-01
5.450001799999999730e-02 -9.481768325171781031e-01
5.460009399999999485e-02 -9.497092591070648293e-01
5.469991600000000120e-02 -9.512195234564231328e-01
5.479999199999999876e-02 -9.527020850051204359e-01
5.490006800000000325e-02 -9.541601757465674183e-01
5.499989000000000267e-02 -9.555961042474857559e-01
5.509996600000000022e-02 -9.570047916610877614e-01
5.520004200000000472e-02 -9.583913168341607891e-01
5.530011799999999533e-02 -9.597510626332621531e-01
5.539993999999999474e-02 -9.610867993384570873e-01
5.550001599999999230e-02 -9.624003738031234878e-01
5.560009199999999679e-02 -9.636876306071622267e-01
5.569991399999999621e-02 -9.649531868840166560e-01
5.579998999999999376e-02 -9.661919637868990884e-01
5.590006599999999826e-02 -9.674076550225639837e-01
5.599988799999999767e-02 -9.686011840177002341e-01
5.609996400000000216e-02 -9.697688570655531581e-01
5.620003999999999972e-02 -9.709148295862217726e-01
5.630011600000000421e-02 -9.720354078729512848e-01
5.639993800000000362e-02 -9.731324387791191466e-01
5.650001400000000118e-02 -9.742077691581026988e-01
5.660008999999999180e-02 -9.752581670164914840e-01
5.669991199999999121e-02 -9.762868643476959596e-01
5.679998799999999570e-02 -9.772906291583057792e-01
5.690006399999999326e-02 -9.782708465883539484e-01
5.699988599999999267e-02 -9.792302869179064784e-01
5.709996199999999716e-02 -9.801643330135199061e-01
5.720003800000000166e-02 -9.810757551552603539e-01
5.730011399999999921e-02 -9.819659384831608273e-01
5.739993599999999863e-02 -9.828316510038109799e-01
5.750001200000000312e-02 -9.836761247106211581e-01
5.760008800000000068e-02 -9.844961276101810155e-01
5.769991000000000009e-02 -9.852935065558677818e-01
5.779998599999999070e-02 -9.860696466877146849e-01
5.790006199999999520e-02 -9.868217777256554912e-01
5.799988399999999461e-02 -9.875526699497563232e-01
5.809995999999999217e-02 -9.882600147932955048e-01
5.820003599999999666e-02 -9.889447356829617064e-01
5.830011199999999422e-02 -9.896077560454437094e-01
5.839993399999999363e-02 -9.902476907407082862e-01
5.850000999999999812e-02 -9.908663866221328886e-01
5.860008600000000262e-02 -9.914615351229958407e-01
5.869990800000000203e-02 -9.920345213833301479e-01
5.879998399999999958e-02 -9.925867305431688159e-01
5.890006000000000408e-02 -9.931149306091014983e-01
5.899988200000000349e-02 -9.936223535745385416e-01
5.909995799999999411e-02 -9.941066908727582696e-01
5.920003399999999166e-02 -9.945688659304493529e-01
5.930010999999999616e-02 -9.950098021743004617e-01
5.939993199999999557e-02 -9.954276527509342554e-01
5.950000799999999312e-02 -9.958242645137280746e-01
5.960008399999999762e-02 -9.961982523226490249e-01
5.969990599999999703e-02 -9.965505396043855546e-01
5.979998200000000153e-02 -9.968811263589377747e-01
5.990005799999999908e-02 -9.971890891596171258e-01
5.999987999999999849e-02 -9.974748897197677211e-01
6.009995600000000299e-02 -9.977394514660783420e-01
6.020003200000000054e-02 -9.979818509718604291e-01
6.030010799999999116e-02 -9.982025499504582067e-01
6.039992999999999057e-02 -9.984006249751828932e-01
6.050000599999999507e-02 -9.985769994727233811e-01
6.060008199999999262e-02 -9.987316734430795595e-01
6.069990399999999203e-02 -9.988646468862514283e-01
6.079997999999999653e-02 -9.989749963755502060e-01
6.090005599999999408e-02 -9.990641070510091204e-01
6.099987800000000043e-02 -9.991305937725950548e-01
6.109995399999999799e-02 -9.991753799669966796e-01
6.120003000000000248e-02 -9.991984656342141058e-01
6.130010600000000004e-02 -9.991993890609027762e-01
6.139992799999999945e-02 -9.991781502470628018e-01
6.150000400000000395e-02 -9.991352109060385178e-01
6.160007999999999456e-02 -9.990701093244857001e-01
6.169990199999999397e-02 -9.989828455024041265e-01
6.179997799999999153e-02 -9.988734194397940191e-01
6.190005399999999602e-02 -9.987422928499994912e-01
6.199987599999999544e-02 -9.985890040196764295e-01
6.209995199999999299e-02 -9.984130912354802767e-01
6.220002799999999749e-02 -9.982154779240998144e-01
6.230010400000000198e-02 -9.979952406588464831e-01
6.239992600000000139e-02 -9.977533028664087311e-01
6.250000199999999895e-02 -9.974892028334424454e-01
6.260007800000000344e-02 -9.972024788466031797e-01
6.269990000000000285e-02 -9.968935926192351582e-01
6.279997600000000735e-02 -9.965616207246498215e-01
6.290005199999999796e-02 -9.962084100162246214e-01
6.299987399999999738e-02 -9.958321136405819951e-01
6.309994999999998799e-02 -9.954331933110663888e-01
6.320002599999999249e-02 -9.950121107410222487e-01
6.330010199999999698e-02 -9.945688659304493529e-01
6.339992399999999639e-02 -9.941016120259704714e-01
6.350000000000000089e-02 -9.936131193076516155e-01
6.360007600000000538e-02 -9.931006174954267740e-01
6.369989800000000479e-02 -9.925664151560175119e-01
6.379997399999999541e-02 -9.920091271493910456e-01
6.390004999999999991e-02 -9.914282917622028179e-01
6.400012600000000440e-02 -9.908252941344860565e-01
6.409994800000000381e-02 -9.901982874128631984e-01
6.420002399999999443e-02 -9.895491184507115845e-01
6.430009999999999892e-02 -9.888773255346871016e-01
6.439992199999999833e-02 -9.881806000980679627e-01
6.449999799999998895e-02 -9.874621741342644032e-01
6.460007399999999345e-02 -9.867188156498661877e-01
6.469989599999999286e-02 -9.859537566382836626e-01
6.479997199999999735e-02 -9.851651502461393761e-01
6.490004800000000185e-02 -9.843516113334004336e-01
6.500012400000000634e-02 -9.835159101801328463e-01
6.509994600000000575e-02 -9.826548147929261567e-01
6.520002199999999637e-02 -9.817715571651908224e-01
6.530009800000000086e-02 -9.808647521568938377e-01
6.539992000000000028e-02 -9.799320912013135265e-01
6.549999599999999089e-02 -9.789768062918601244e-01
6.560007199999999539e-02 -9.779961271484676200e-01
6.569989399999999480e-02 -9.769932857645464708e-01
6.579996999999999929e-02 -9.759659735733750008e-01
6.590004599999998991e-02 -9.749123437215757582e-01
6.600012199999999440e-02 -9.738360899159035355e-01
6.609994399999999382e-02 -9.727358270163252163e-01
6.620001999999999831e-02 -9.716087847427749002e-01
6.630009600000000280e-02 -9.704591185153514932e-01
6.639991800000000222e-02 -9.692822112006116431e-01
6.649999400000000671e-02 -9.680831416453432592e-01
6.660006999999999733e-02 -9.668591395694799973e-01
6.669989199999999674e-02 -9.656074346929559571e-01
6.679996799999998736e-02 -9.643331058625590479e-01
6.690004399999999185e-02 -9.630310742315013606e-01
6.700011999999999635e-02 -9.617064186465705822e-01
6.709994199999999576e-02 -9.603563688277005905e-01
6.720001800000000025e-02 -9.589781544948254854e-01
6.730009399999999087e-02 -9.575768544947333982e-01
6.739991600000000416e-02 -9.561473899806357535e-01
6.749999199999999477e-02 -9.546948397993207935e-01
6.760006799999999927e-02 -9.532159719573783940e-01
6.769988999999999868e-02 -9.517089396014305480e-01
6.779996600000000317e-02 -9.501783598649210516e-01
6.790004200000000767e-02 -9.486186921877179934e-01
6.800011799999999829e-02 -9.470359388432971759e-01
6.809993999999999770e-02 -9.454264061249046947e-01
6.820001599999998831e-02 -9.437877854658179855e-01
6.830009199999999281e-02 -9.421256174261697369e-01
6.839991399999999222e-02 -9.404338997324832583e-01
6.849998999999999671e-02 -9.387177112315464589e-01
6.860006600000000121e-02 -9.369752050699818868e-01
6.869988800000000062e-02 -9.352026875410347495e-01
6.879996400000000512e-02 -9.334061609181816266e-01
6.890003999999999573e-02 -9.315796229279459384e-01
6.900011600000000023e-02 -9.297286141304599294e-01
6.909993799999999964e-02 -9.278503642456572553e-01
6.920001400000000413e-02 -9.259416412801280138e-01
6.930008999999999475e-02 -9.240084475073480075e-01
6.939991199999999416e-02 -9.220475509339075559e-01
6.949998799999999866e-02 -9.200561812797400929e-01
6.960006399999998927e-02 -9.180398791049778628e-01
6.969988599999998868e-02 -9.159926421361445081e-01
6.979996199999999318e-02 -9.139204726467163864e-01
6.990003799999999767e-02 -9.118201386432830402e-01
7.000011400000000217e-02 -9.096888698457784583e-01
7.009993600000000158e-02 -9.075322068143348853e-01
7.020001200000000607e-02 -9.053446089888200765e-01
7.030008799999999669e-02 -9.031316169293661655e-01
7.039990999999999610e-02 -9.008895369292184707e-01
7.049998599999998672e-02 -8.986165221349994292e-01
7.060006199999999121e-02 -8.963176513934970613e-01
7.069988399999999062e-02 -8.939873841445791225e-01
7.079995999999999512e-02 -8.916312609483776352e-01
7.090003599999999961e-02 -8.892460498114824752e-01
7.100011199999999023e-02 -8.868289804538272980e-01
7.109993399999998964e-02 -8.843860551488886834e-01
7.120000999999999414e-02 -8.819117333365344980e-01
7.130008599999999863e-02 -8.794106321502083157e-01
7.139990799999999804e-02 -8.768804430231881275e-01
7.149998400000000254e-02 -8.743183956754081443e-01
7.160006000000000703e-02 -8.717300306670002774e-01
7.169988200000000644e-02 -8.691093457244882803e-01
7.179995799999999706e-02 -8.664623431213483995e-01
7.190003399999998768e-02 -8.637857908641703997e-01
7.200010999999999217e-02 -8.610778420995768290e-01
7.209993199999999158e-02 -8.583426522476667042e-01
7.220000799999999608e-02 -8.555779127417184604e-01
7.230008400000000057e-02 -8.527813150150103105e-01
7.239990599999999998e-02 -8.499579379143300528e-01
7.249998200000000448e-02 -8.471027025928897780e-01
7.260005799999999510e-02 -8.442202261841331712e-01
7.269987999999999451e-02 -8.413082001213382233e-01
7.279995599999999900e-02 -8.383647775511278155e-01
7.290003200000000350e-02 -8.353936521802566295e-01
7.300010799999999411e-02 -8.323915920153140968e-01
7.309992999999999352e-02 -8.293613673363664507e-01
7.320000599999999802e-02 -8.263020547167250207e-01
7.330008199999998864e-02 -8.232118073030123551e-01
7.339990399999998805e-02 -8.200938570886388002e-01
7.349997999999999254e-02 -8.169449720801941206e-01
7.360005599999999704e-02 -8.137679225577442166e-01
7.369987799999999645e-02 -8.105622468079447529e-01
7.379995400000000094e-02 -8.073256362640741646e-01
7.390003000000000544e-02 -8.040617846328871332e-01
7.400010599999999605e-02 -8.007674599209730903e-01
7.409992799999999546e-02 -7.974449706950540451e-01
7.420000399999999996e-02 -7.940938552417854401e-01
7.430007999999999058e-02 -7.907131901344786051e-01
7.439990199999998999e-02 -7.873048222265109919e-01
7.449997799999999448e-02 -7.838673663778495948e-01
7.460005399999999898e-02 -7.804017460151829733e-01
7.469987599999999839e-02 -7.769079611385112383e-01
7.479995199999998901e-02 -7.733855500344899436e-01
7.490002799999999350e-02 -7.698354361298079818e-01
7.500010399999999799e-02 -7.662571577111206844e-01
7.509992599999999741e-02 -7.626511764917727199e-01
7.520000200000000190e-02 -7.590179541851083123e-01
7.530007800000000640e-02 -7.553574907911273506e-01
7.539990000000000581e-02 -7.516693245964856107e-01
7.549997599999999642e-02 -7.479539173145274278e-01
7.560005199999998704e-02 -7.442126540852858074e-01
7.569987399999998645e-02 -7.404436880553834088e-01
7.579994999999999095e-02 -7.366493277915420190e-01
7.590002599999999544e-02 -7.328281881537284104e-01
7.600010199999999994e-02 -7.289807308552870291e-01
7.609992399999999935e-02 -7.251088027495953270e-01
7.619999999999998996e-02 -7.212100952699315171e-01
7.630007599999999446e-02 -7.172878404097059457e-01
7.639989799999999387e-02 -7.133388061755083775e-01
7.649997399999999836e-02 -7.093653011340602665e-01
7.660005000000000286e-02 -7.053691721387392866e-01
7.670012600000000735e-02 -7.013471871961348691e-01
7.679994800000000676e-02 -6.973039634396905884e-01
7.690002399999999738e-02 -6.932344220226184239e-01
7.700009999999998800e-02 -6.891422566516732795e-01
7.709992199999998741e-02 -6.850297758935769421e-01
7.719999799999999190e-02 -6.808919009015415025e-01
7.730007399999999640e-02 -6.767350956623877645e-01
7.739989599999999581e-02 -6.725538196159838167e-01
7.749997200000000031e-02 -6.683513047557397835e-01
7.760004800000000480e-02 -6.641307830750662333e-01
7.770012399999999542e-02 -6.598867140138310328e-01
7.779994599999999483e-02 -6.556260232721994319e-01
7.790002199999999932e-02 -6.513422468633504048e-01
7.800009800000000382e-02 -6.470386167806945199e-01
7.809992000000000323e-02 -6.427206735843637997e-01
7.819999599999999385e-02 -6.383805681475044347e-01
7.830007199999999834e-02 -6.340219941768713285e-01
7.839989399999999775e-02 -6.296504922325963927e-01
7.849996999999998837e-02 -6.252577514744815934e-01
7.860004599999999286e-02 -6.208534678827580811e-01
7.870012199999999736e-02 -6.164284071905389295e-01
7.879994399999999677e-02 -6.119876482446120480e-01
7.890002000000000126e-02 -6.075376550317982405e-01
7.900009600000000576e-02 -6.030673464318331289e-01
7.909991800000000517e-02 -5.985891887050140969e-01
7.919999399999999579e-02 -5.940921007310768776e-01
7.930007000000000028e-02 -5.895820847834980505e-01
7.939989199999999969e-02 -5.850660665624425327e-01
7.949996799999999031e-02 -5.805325032343019442e-01
7.960004399999999480e-02 -5.759943227727178927e-01
7.970011999999999930e-02 -5.714390589173929946e-01
7.979994199999999871e-02 -5.668740990818368353e-01
7.990001799999998933e-02 -5.623063689662145537e-01
8.000009399999999382e-02 -5.577238640235732126e-01
8.009991599999999323e-02 -5.531399739408988658e-01
8.019999199999999773e-02 -5.485417707445496838e-01
8.030006800000000222e-02 -5.439366418480353627e-01
8.039989000000000163e-02 -5.393328980915540471e-01
8.049996600000000613e-02 -5.347166880747753481e-01
8.060004199999999674e-02 -5.301032483380627713e-01
8.070011799999998736e-02 -5.254778040543972573e-01
8.079993999999998677e-02 -5.208491277773211747e-01
8.090001599999999127e-02 -5.162250686336886663e-01
8.100009199999999576e-02 -5.115913135098247855e-01
8.109991399999999517e-02 -5.069561732459278991e-01
8.119998999999999967e-02 -5.023284203955405980e-01
8.130006600000000416e-02 -4.976928184182993764e-01
8.139988800000000357e-02 -4.930655272812563550e-01
8.149996399999999419e-02 -4.884313104440481945e-01
8.160003999999999869e-02 -4.837994021735618211e-01
8.170011600000000318e-02 -4.791785750233396035e-01
8.179993800000000259e-02 -4.745526690263296432e-01
8.190001400000000709e-02 -4.699392292896170664e-01
8.200008999999999770e-02 -4.653225575594940877e-01
8.209991199999999711e-02 -4.607111031901622300e-01
8.219998799999998773e-02 -4.561141466198427863e-01
8.230006399999999223e-02 -4.515160819374969825e-01
8.239988599999999164e-02 -4.469335308235211079e-01
8.249996199999999613e-02 -4.423513490802208348e-01
8.260003800000000063e-02 -4.377780784044664197e-01
8.270011400000000512e-02 -4.332225375211349316e-01
8.279993600000000453e-02 -4.286694898898628647e-01
8.290001199999999515e-02 -4.241352801630402514e-01
8.300008799999999964e-02 -4.196049949996444872e-01
8.309990999999999906e-02 -4.150871299252116842e-01
8.319998599999998967e-02 -4.105900881226088872e-01
8.330006199999999417e-02 -4.060992332788204151e-01
8.339988399999999358e-02 -4.016302174762194088e-01
8.349995999999999807e-02 -3.971688199438002664e-01
8.360003599999998869e-02 -3.927232591790921212e-01
8.370011199999999318e-02 -3.883012457949457374e-01
8.379993399999999260e-02 -3.838892054190372050e-01
8.390000999999999709e-02 -3.795016820217134157e-01
8.400008600000000158e-02 -3.751255167726606499e-01
8.409990800000000100e-02 -3.707682817707260714e-01
8.419998400000000549e-02 -3.664371797440815204e-01
8.430005999999999611e-02 -3.621196520897607685e-01
8.439988199999999552e-02 -3.578226706792634326e-01
8.449995799999998614e-02 -3.535534844120957754e-01
8.460003399999999063e-02 -3.492998117132981584e-01
8.470010999999999513e-02 -3.450743496998401882e-01
8.479993199999999454e-02 -3.408660634227918540e-01
8.490000799999999903e-02 -3.366811860123019029e-01
8.500008399999998965e-02 -3.325258582558501264e-01
8.509990600000000294e-02 -3.283896454318543379e-01
8.519998199999999355e-02 -3.242833978039066367e-01
8.530005799999999805e-02 -3.201976964197824072e-01
8.539987999999999746e-02 -3.161379894969448823e-01
8.549995600000000195e-02 -3.121092635395130155e-01
8.560003200000000645e-02 -3.081029768506163280e-01
8.570010799999999707e-02 -3.041279943264664221e-01
8.579992999999999648e-02 -3.001768362108847565e-01
8.590000599999998709e-02 -2.962537502666394706e-01
8.600008199999999159e-02 -2.923627995711606808e-01
8.609990399999999100e-02 -2.884973354522897271e-01
8.619997999999999549e-02 -2.846640989248543363e-01
8.630005599999999999e-02 -2.808576417713909423e-01
8.639987799999999940e-02 -2.770811036426412688e-01
8.649995400000000390e-02 -2.733373933326745941e-01
8.660002999999999451e-02 -2.696218937080475664e-01
8.670010599999999901e-02 -2.659391757308691151e-01
8.679992799999999842e-02 -2.622858227223912042e-01
8.690000400000000291e-02 -2.586639585639975980e-01
8.700007999999999353e-02 -2.550751530810593248e-01
8.709990199999999294e-02 -2.515170053641856973e-01
8.719997799999999744e-02 -2.479909467247440324e-01
8.730005399999998805e-02 -2.444982237887642906e-01
8.739987599999998746e-02 -2.410372205595411876e-01
8.749995199999999196e-02 -2.376092298344388287e-01
8.760002799999999645e-02 -2.342139745854506794e-01
8.770010400000000095e-02 -2.308516856692488795e-01
8.779992600000000036e-02 -2.275224554285023293e-01
8.790000200000000485e-02 -2.242267455765552808e-01
8.800007799999999547e-02 -2.209637250293880473e-01
8.809989999999999488e-02 -2.177350559550402243e-01
8.819997599999999938e-02 -2.145398610981575083e-01
8.830005199999998999e-02 -2.113772170320512289e-01
8.839987399999998940e-02 -2.082495246661120181e-01
8.849994999999999390e-02 -2.051537828636015581e-01
8.860002599999999839e-02 -2.020936853312746972e-01
8.870010199999998901e-02 -1.990672467017507163e-01
8.879992399999998842e-02 -1.960725739503177967e-01
8.889999999999999292e-02 -1.931137763257405882e-01
8.900007599999999741e-02 -1.901861443519068384e-01
8.909989799999999682e-02 -1.872949415609420076e-01
8.919997400000000132e-02 -1.844373053301111842e-01
8.930005000000000581e-02 -1.816103730366794566e-01
8.940012599999999643e-02 -1.788200084401199152e-01
8.949994799999999584e-02 -1.760596552109429669e-01
8.960002399999998646e-02 -1.733361467066449058e-01
8.970009999999999095e-02 -1.706458815631397563e-01
8.979992199999999036e-02 -1.679850737310039643e-01
8.989999799999999486e-02 -1.653610644524125817e-01
9.000007399999999935e-02 -1.627699291639387036e-01
9.009989599999999876e-02 -1.602076047881520748e-01
9.019997200000000326e-02 -1.576818942805721102e-01
9.030004799999999388e-02 -1.551843944583317647e-01
9.040012399999999837e-02 -1.527235085042980833e-01
9.049994599999999778e-02 -1.502947116276965311e-01
9.060002200000000228e-02 -1.478933866950835896e-01
9.070009800000000677e-02 -1.455283524313362997e-01
9.079992000000000618e-02 -1.431900975415611454e-01
9.089999599999999680e-02 -1.408880871493171927e-01
9.100007199999998742e-02 -1.386171500651477428e-01
9.109989399999998683e-02 -1.363722536135994756e-01
9.119996999999999132e-02 -1.341630476035692299e-01
9.130004599999999582e-02 -1.319791896561436084e-01
9.140012200000000031e-02 -1.298307912935638131e-01
9.149994399999999972e-02 -1.277124042983665553e-01
9.160002000000000422e-02 -1.256185804530885464e-01
9.170009599999999483e-02 -1.235595697939742693e-01
9.179991799999999424e-02 -1.215244297147627384e-01
9.189999399999999874e-02 -1.195238257937083215e-01
9.200007000000000323e-02 -1.175519866140067038e-01
9.209989200000000265e-02 -1.156031869301880205e-01
9.219996799999999326e-02 -1.136881384918410620e-01
9.230004399999999776e-02 -1.117954831506949298e-01
9.240011999999998837e-02 -1.099362558556794961e-01
9.249994199999998779e-02 -1.081044081619838143e-01
9.260001799999999228e-02 -1.062941686528035695e-01
9.270009399999999677e-02 -1.045164337630653389e-01
9.279991599999999619e-02 -1.027596144878260009e-01
9.289999200000000068e-02 -1.010349766326876508e-01
9.300006800000000518e-02 -9.933624089616713282e-02
9.309989000000000459e-02 -9.765772820412901845e-02
9.319996599999999520e-02 -9.601033499149985717e-02
9.330004199999999970e-02 -9.438819749880647536e-02
9.340011799999999031e-02 -9.278531345257233498e-02
9.349993999999998973e-02 -9.121267163039292747e-02
9.360001599999999422e-02 -8.965886771266286248e-02
9.370009199999999872e-02 -8.813470579163985852e-02
9.379991399999999813e-02 -8.663432210785068643e-02
9.389998999999998874e-02 -8.515189907315663664e-02
9.400006599999999324e-02 -8.369814843714649955e-02
9.409988799999999265e-02 -8.226189673688710791e-02
9.419996399999999714e-02 -8.085380955063287134e-02
9.430004000000000164e-02 -7.946802311891057458e-02
9.440011600000000613e-02 -7.809890453891921158e-02
9.449993800000000554e-02 -7.675698087490984145e-02
9.460001399999999616e-02 -7.543117100661819729e-02
9.470008999999998678e-02 -7.413200199829535209e-02
9.479991199999998619e-02 -7.285374860447141332e-02
9.489998799999999068e-02 -7.159091643634865609e-02
9.500006399999999518e-02 -7.035366318750270465e-02
9.509988599999999459e-02 -6.913136945101359954e-02
9.519996199999999908e-02 -6.793410057778809241e-02
9.530003800000000358e-02 -6.675636217902843061e-02
9.540011399999999420e-02 -6.559289072260908460e-02
9.549993599999999361e-02 -6.445347453143021599e-02
9.560001199999999810e-02 -6.332781739791287778e-02
9.570008800000000260e-02 -6.222566147362278144e-02
9.579991000000000201e-02 -6.114169705509994723e-02
9.589998599999999263e-02 -6.007089146689099934e-02
9.600006199999999712e-02 -5.902257131855173644e-02
9.609988399999999653e-02 -5.799175010596321206e-02
9.619995999999998715e-02 -5.697334898233762102e-02
9.630003599999999164e-02 -5.597664838589631875e-02
9.640011199999999614e-02 -5.499199850774246640e-02
9.649993399999999555e-02 -5.402840275809082937e-02
9.660001000000000004e-02 -5.308105931816019946e-02
9.670008600000000454e-02 -5.214512019783493213e-02
9.679990800000000395e-02 -5.122940412199205457e-02
9.689998399999999457e-02 -5.032481533774792876e-02
9.700005999999999906e-02 -4.943980319930410539e-02
9.709988199999999847e-02 -4.856979674455155077e-02
9.719995799999998909e-02 -4.771036352538454012e-02
9.730003399999999358e-02 -4.686962969666357004e-02
9.740010999999999808e-02 -4.603919669265497255e-02
9.749993199999999749e-02 -4.522695519441364415e-02
9.760000799999998811e-02 -4.442856509650271180e-02
9.770008399999999260e-02 -4.363990791589060503e-02
9.779990599999999201e-02 -4.286861577415938124e-02
9.789998199999999651e-02 -4.210674720178628205e-02
9.800005800000000100e-02 -4.136176810354937755e-02
9.809988000000000041e-02 -4.062956461355055060e-02
9.819995600000000491e-02 -3.990630912816515996e-02
9.830003199999999552e-02 -3.919913050142992406e-02
9.840010799999998614e-02 -3.850058591423397708e-02
9.849992999999998555e-02 -3.781769340941137925e-02
9.860000599999999005e-02 -3.714656997773618102e-02
9.870008199999999454e-02 -3.648365580932346613e-02
9.879990399999999395e-02 -3.583561342773216446e-02
9.889997999999999845e-02 -3.519547096146263127e-02
9.900005599999998906e-02 -3.456981244280525611e-02
9.909987800000000235e-02 -3.395498110207281067e-02
9.919995399999999297e-02 -3.334768030598667110e-02
9.930002999999999747e-02 -3.275410624762795098e-02
9.940010600000000196e-02 -3.217091150525014376e-02
9.949992800000000137e-02 -3.159480406270805813e-02
9.960000400000000587e-02 -3.103179081061165079e-02
9.970007999999999648e-02 -3.047568017301321985e-02
9.979990199999999589e-02 -2.993222971531678614e-02
9.989997799999998651e-02 -2.939831363818110749e-02
1.000000539999999910e-01 -2.887090310206727461e-02
1.000998759999999904e-01 -2.835554790137433459e-02
1.001999519999999949e-01 -2.784650893923205917e-02
1.003000279999999994e-01 -2.734914209043486782e-02
1.004001040000000039e-01 -2.686051547524615987e-02
1.004999260000000033e-01 -2.637786343073330458e-02
1.006000019999999939e-01 -2.590629250648476475e-02
1.007000779999999984e-01 -2.544050685044088947e-02
1.007998999999999978e-01 -2.498546526391996411e-02
1.008999760000000023e-01 -2.453843902105690145e-02
1.010000519999999929e-01 -2.409688408132434206e-02
1.010998739999999924e-01 -2.366551915510151788e-02
1.011999499999999969e-01 -2.323944084667145873e-02
1.013000259999999875e-01 -2.282324320381042687e-02
1.014001019999999920e-01 -2.241438680312450582e-02
1.014999239999999914e-01 -2.201054922649163526e-02
1.015999999999999959e-01 -2.161607057934866738e-02
1.017000760000000004e-01 -2.122641683665412587e-02
1.017998979999999859e-01 -2.084584961257633304e-02
1.018999739999999904e-01 -2.047200955192566771e-02
1.020000499999999949e-01 -2.010275430478436487e-02
1.021001259999999855e-01 -1.974209154298135413e-02
1.021999479999999988e-01 -1.938786044806509873e-02
1.023000240000000033e-01 -1.903793252151815205e-02
1.024001000000000078e-01 -1.869618153829958468e-02
1.024999219999999933e-01 -1.835862752938112810e-02
1.025999979999999978e-01 -1.802895958438411467e-02
1.027000739999999884e-01 -1.770516925026063490e-02
1.027998960000000017e-01 -1.738532656523131964e-02
1.028999719999999785e-01 -1.707297748778075636e-02
1.030000479999999830e-01 -1.676446063108826684e-02
1.031001239999999874e-01 -1.646317420536824727e-02
1.031999460000000007e-01 -1.616727135724331174e-02
1.033000220000000052e-01 -1.587497910747116478e-02
1.034000979999999958e-01 -1.558954791799601475e-02
1.034999199999999953e-01 -1.530762113280445882e-02
1.035999959999999859e-01 -1.503232455123771488e-02
1.037000719999999904e-01 -1.476194521678826817e-02
1.037998940000000037e-01 -1.449487636701778277e-02
1.038999700000000082e-01 -1.423408681873041849e-02
1.040000460000000126e-01 -1.397649694391937293e-02
1.041001219999999894e-01 -1.372498783385337623e-02
1.041999440000000027e-01 -1.347796657749442996e-02
1.043000199999999933e-01 -1.323397877780783938e-02
1.044000959999999978e-01 -1.299573469212492345e-02
1.044999179999999833e-01 -1.276041325191172408e-02
1.045999939999999878e-01 -1.253066469176478820e-02
1.047000699999999923e-01 -1.230501614611565278e-02
1.047998920000000056e-01 -1.208213788053259623e-02
1.048999679999999962e-01 -1.186451852994164710e-02
1.050000440000000007e-01 -1.165082374277764954e-02
1.051001200000000052e-01 -1.143971916747543553e-02
1.051999419999999907e-01 -1.123361494769249506e-02
1.053000179999999952e-01 -1.103004553417001946e-02
1.054000939999999997e-01 -1.083129179082908088e-02
1.054999159999999853e-01 -1.063611632590682858e-02
1.055999919999999898e-01 -1.044331406757451931e-02
1.057000679999999943e-01 -1.025508738848468319e-02
1.057998899999999937e-01 -1.006916927611658553e-02
1.058999659999999982e-01 -9.887660526186996257e-03
1.060000420000000027e-01 -9.709416089601937208e-03
1.061001180000000071e-01 -9.533346322868755870e-03
1.061999399999999927e-01 -9.361455061901908375e-03
1.063000159999999972e-01 -9.191673830918727084e-03
1.064000919999999878e-01 -9.025927974565134751e-03
1.064999140000000011e-01 -8.863160169282581144e-03
1.065999900000000056e-01 -8.702382348514160065e-03
1.067000659999999823e-01 -8.545422897103487417e-03
1.067998879999999956e-01 -8.390393407472183929e-03
1.068999640000000001e-01 -8.239048390328768123e-03
1.070000400000000046e-01 -8.090427481916996622e-03
1.071001159999999952e-01 -7.943625724081951681e-03
1.071999379999999946e-01 -7.800309901996725637e-03
1.073000139999999852e-01 -7.658753207753460183e-03
1.074000899999999897e-01 -7.520576255190812229e-03
1.074999120000000030e-01 -7.384874086153862295e-03
1.075999880000000075e-01 -7.250843319423448501e-03
1.077000640000000120e-01 -7.119998374769028089e-03
1.077998859999999975e-01 -6.990750958286046438e-03
1.078999619999999882e-01 -6.864597021210187312e-03
1.080000379999999927e-01 -6.740705479521627748e-03
1.081001139999999971e-01 -6.618337591869412166e-03
1.081999359999999827e-01 -6.498878498286582601e-03
1.083000119999999872e-01 -6.381584840288737071e-03
1.084000879999999917e-01 -6.265713259391480529e-03
1.084999100000000050e-01 -6.152607341426860783e-03
1.085999859999999956e-01 -6.040895797762167209e-03
1.087000620000000001e-01 -5.931839105827469566e-03
1.087998839999999856e-01 -5.824758547006573910e-03
1.088999599999999901e-01 -5.718980019816737037e-03
1.090000359999999946e-01 -5.615727064620475682e-03
1.091001119999999991e-01 -5.513743821121169092e-03
1.091999340000000124e-01 -5.414193806946569765e-03
1.093000099999999891e-01 -5.316439857681478851e-03
1.094000859999999797e-01 -5.219877128844802386e-03
1.094999079999999930e-01 -5.125622966729859176e-03
1.095999839999999975e-01 -5.032527705109227263e-03
1.097000600000000020e-01 -4.941653284674903286e-03
1.097998819999999875e-01 -4.852417946613008827e-03
1.098999579999999920e-01 -4.764276869177217627e-03
1.100000339999999965e-01 -4.678236587458203290e-03
1.101001099999999872e-01 -4.593255014437776576e-03
1.101999320000000004e-01 -4.510305903559163297e-03
1.103000080000000049e-01 -4.428850897062856957e-03
1.104000840000000094e-01 -4.348395499957060685e-03
1.104999059999999950e-01 -4.269860368650403061e-03
1.105999819999999995e-01 -4.192287447953362174e-03
1.107000580000000040e-01 -4.116574308607352795e-03
1.107998799999999895e-01 -4.042223685340508472e-03
1.108999559999999940e-01 -3.968785869355439047e-03
1.110000319999999846e-01 -3.897101640652197996e-03
1.111001079999999891e-01 -3.826718058439981373e-03
1.111999300000000024e-01 -3.757188645914806297e-03
1.113000060000000069e-01 -3.689324171709346296e-03
1.114000819999999975e-01 -3.622294013517120010e-03
1.114999039999999969e-01 -3.556865077203088307e-03
1.115999799999999875e-01 -3.492621820757339270e-03
1.117000559999999920e-01 -3.429161168430257603e-03
1.117998780000000053e-01 -3.367218629579388136e-03
1.118999539999999820e-01 -3.306038379460035301e-03
1.120000299999999865e-01 -3.246320837215572932e-03
1.121001059999999910e-01 -3.187683704196881979e-03
1.121999280000000043e-01 -3.129763150288616871e-03
1.123000039999999949e-01 -3.073227736413392062e-03
1.124000799999999994e-01 -3.017387662834753945e-03
1.124999019999999850e-01 -2.962884249387998797e-03
1.125999779999999895e-01 -2.909365670504735629e-03
1.127000539999999940e-01 -2.856502262857100582e-03
1.127998760000000072e-01 -2.804903488059631422e-03
1.128999520000000117e-01 -2.753938645683949929e-03
1.130000280000000024e-01 -2.704195035104065437e-03
1.131001039999999791e-01 -2.655349456978935586e-03
1.131999259999999924e-01 -2.607103182774767915e-03
1.133000019999999969e-01 -2.560010730218122664e-03
1.134000780000000014e-01 -2.513495881055255367e-03
1.134998999999999869e-01 -2.468097916472362669e-03
1.135999759999999914e-01 -2.423518569648996316e-03
1.137000519999999959e-01 -2.379486353138681159e-03
1.137998739999999953e-01 -2.336507766480165615e-03
1.138999499999999998e-01 -2.294055533034204588e-03
1.140000260000000043e-01 -2.252624609505938721e-03
1.141001020000000088e-01 -2.211939353028793270e-03
1.141999239999999943e-01 -2.171754132103575607e-03
1.142999999999999988e-01 -2.132531121787975981e-03
1.144000760000000033e-01 -2.094020073449358831e-03
1.144998979999999889e-01 -2.055977202441909655e-03
1.145999739999999933e-01 -2.018847138716234075e-03
1.147000499999999840e-01 -1.982173709488116529e-03
1.148001259999999885e-01 -1.946378920754291732e-03
1.148999480000000017e-01 -1.911232839269273774e-03
1.150000240000000062e-01 -1.876515689481154069e-03
1.151000999999999969e-01 -1.842631008852891467e-03
1.151999219999999963e-01 -1.809163255374574052e-03
1.152999979999999869e-01 -1.776497497975386983e-03
1.154000739999999914e-01 -1.744423657083652183e-03
1.154998960000000047e-01 -1.712742272534612236e-03
1.155999719999999814e-01 -1.681819944723678389e-03
1.157000479999999859e-01 -1.651278068708486113e-03
1.158001239999999904e-01 -1.621468931770772342e-03
1.158999460000000037e-01 -1.592199076019255432e-03
1.160000219999999943e-01 -1.563288894962984281e-03
1.161000979999999988e-01 -1.535070822209889290e-03
1.161999199999999843e-01 -1.507199496178398580e-03
1.162999959999999888e-01 -1.479998577922899371e-03
1.164000719999999933e-01 -1.453288922665784983e-03
1.164998940000000066e-01 -1.426907083883157193e-03
1.165999700000000111e-01 -1.401158254095628223e-03
1.167000460000000017e-01 -1.375724774522288146e-03
1.168001219999999785e-01 -1.350904450270240791e-03
1.168999439999999918e-01 -1.326531526248865382e-03
1.170000199999999962e-01 -1.302458715901315270e-03
1.171000960000000007e-01 -1.278963047234198472e-03
1.171999179999999863e-01 -1.255894925123947087e-03
1.172999939999999908e-01 -1.233107986440402449e-03
1.174000699999999953e-01 -1.210868639783253212e-03
1.174998919999999947e-01 -1.188903089139301894e-03
1.175999679999999992e-01 -1.167464815134593940e-03
1.177000440000000037e-01 -1.146416227192515163e-03
1.178001200000000082e-01 -1.125624813583237221e-03
1.178999419999999937e-01 -1.105332973812542426e-03
1.180000179999999982e-01 -1.085291382674483628e-03
1.181000939999999888e-01 -1.065731358554578706e-03
1.181999159999999882e-01 -1.046526391996476391e-03
1.182999919999999788e-01 -1.027556899243990468e-03
1.184000679999999833e-01 -1.009043117562375249e-03
1.184998899999999966e-01 -9.907578839862113667e-04
1.185999660000000011e-01 -9.729122015138656375e-04
1.187000420000000056e-01 -9.553906418092515500e-04
1.188001179999999962e-01 -9.380842405231027900e-04
1.188999399999999956e-01 -9.211938429602103701e-04
1.190000159999999862e-01 -9.045121398289629727e-04
1.191000919999999907e-01 -8.882316655939526346e-04
1.191999140000000040e-01 -8.722466878993243326e-04
1.192999900000000085e-01 -8.564593235160764028e-04
1.194000659999999853e-01 -8.410510257885370992e-04
1.194998879999999986e-01 -8.258324922455243747e-04
1.195999640000000031e-01 -8.109819442379559516e-04
1.197000399999999937e-01 -7.964001133967974367e-04
1.198001159999999982e-01 -7.819988124732782202e-04
1.198999379999999837e-01 -7.679437965580194038e-04
1.200000139999999882e-01 -7.541454932622172150e-04
1.201000899999999927e-01 -7.405161770504459012e-04
1.201999120000000060e-01 -7.272160624531938053e-04
1.202999879999999966e-01 -7.140803178065292149e-04
1.204000640000000011e-01 -7.012613085140864634e-04
1.204998859999999866e-01 -6.886763878872274825e-04
1.205999619999999911e-01 -6.762461412307247365e-04
1.207000379999999956e-01 -6.641160082480471790e-04
1.208001140000000001e-01 -6.521363938156266938e-04
1.208999359999999856e-01 -6.404458119367673974e-04
1.210000119999999901e-01 -6.289690033363405913e-04
1.211000879999999946e-01 -6.176339407326283254e-04
1.211999099999999940e-01 -6.065722124287691204e-04
1.212999859999999985e-01 -5.956485364148698253e-04
1.214000620000000030e-01 -5.849889604339367439e-04
1.214998839999999886e-01 -5.745237657709736110e-04
1.215999599999999931e-01 -5.641892359844604765e-04
1.217000359999999975e-01 -5.541035696905505020e-04
1.218001119999999882e-01 -5.441444128529914718e-04
1.218999340000000015e-01 -5.344262703811812664e-04
1.220000099999999782e-01 -5.248858875469447930e-04
1.221000859999999827e-01 -5.154646267555495695e-04
1.221999079999999960e-01 -5.062714523562616932e-04
1.222999840000000005e-01 -4.971932445797162294e-04
1.224000600000000050e-01 -4.883352740684241029e-04
1.224998819999999905e-01 -4.796398266543420042e-04
1.225999579999999950e-01 -4.710533435895258403e-04
1.227000339999999856e-01 -4.626750932430098956e-04
1.228001099999999901e-01 -4.544018826823328808e-04
1.228999320000000034e-01 -4.463303946818010124e-04
1.230000080000000079e-01 -4.384069319794667080e-04
1.231000840000000124e-01 -4.305834302161834319e-04
1.231999059999999979e-01 -4.229501081794366079e-04
1.232999820000000024e-01 -4.154581627687287310e-04
1.234000579999999930e-01 -4.080599913382576354e-04
1.234998799999999924e-01 -4.008423959967606599e-04
1.235999559999999831e-01 -3.937163584114475572e-04
1.237000319999999876e-01 -3.867641097289465225e-04
1.238001079999999920e-01 -3.799409560975249337e-04
1.238999300000000053e-01 -3.732040505188272670e-04
1.240000059999999960e-01 -3.666318842613925364e-04
1.241000820000000004e-01 -3.601437036612944315e-04
1.241999039999999860e-01 -3.538143986229861119e-04
1.242999799999999905e-01 -3.476030151728238659e-04
1.244000559999999950e-01 -3.414709079038860456e-04
1.244998780000000083e-01 -3.354892268425363044e-04
1.245999539999999850e-01 -3.295845595670237466e-04
1.247000299999999895e-01 -3.238252396523113663e-04
1.248001059999999940e-01 -3.181736836321695820e-04
1.248999279999999934e-01 -3.125950321491001525e-04
1.250000039999999979e-01 -3.071538788999772160e-04
1.251000800000000024e-01 -3.017833216212048413e-04
1.251999020000000018e-01 -2.965457839569388089e-04
1.252999779999999785e-01 -2.914067759203563084e-04
1.254000539999999830e-01 -2.863349010040418426e-04
1.254998760000000102e-01 -2.813887044600585753e-04
1.255999520000000147e-01 -2.765073324696215498e-04
1.257000280000000192e-01 -2.717477604594232686e-04
1.258001039999999959e-01 -2.670783610653758603e-04
1.258999259999999953e-01 -2.624707850881364277e-04
1.260000019999999998e-01 -2.579781295623049652e-04
1.261000780000000043e-01 -2.535718144318663638e-04
1.261998999999999760e-01 -2.492236751828154416e-04
1.262999759999999805e-01 -2.449848234823713338e-04
1.264000519999999850e-01 -2.408029472086196476e-04
1.264998740000000121e-01 -2.367262954060445795e-04
1.265999499999999889e-01 -2.327287812706905286e-04
1.267000259999999934e-01 -2.287850567399528909e-04
1.268001019999999979e-01 -2.249412931482663088e-04
1.268999239999999973e-01 -2.211501187065008280e-04
1.270000000000000018e-01 -2.174553961823693792e-04
1.271000760000000063e-01 -2.138332088246348004e-04
1.271998979999999779e-01 -2.102608865080896842e-04
1.272999739999999824e-01 -2.067800757763940797e-04
1.274000499999999869e-01 -2.033479296311926259e-04
1.275001259999999914e-01 -2.000041554200991179e-04
1.275999479999999908e-01 -1.967270064445948599e-04
1.277000239999999953e-01 -1.934962134888630137e-04
1.278000999999999998e-01 -1.903491753337956626e-04
1.278999219999999992e-01 -1.872472927438054114e-04
1.279999980000000037e-01 -1.842265331884168742e-04
1.281000739999999805e-01 -1.812670429938231938e-04
1.281998960000000076e-01 -1.783506768255914746e-04
1.282999719999999844e-01 -1.755111859291934762e-04
1.284000479999999889e-01 -1.727136186044621812e-04
1.285001239999999934e-01 -1.699905718135084529e-04
1.285999459999999928e-01 -1.673239463932338648e-04
1.287000219999999973e-01 -1.646976285479207684e-04
1.288000980000000018e-01 -1.621418605016238456e-04
1.288999200000000012e-01 -1.596251995755931026e-04
1.289999959999999779e-01 -1.571770569098633944e-04
1.291000719999999824e-01 -1.547810878520448604e-04
1.291998940000000096e-01 -1.524227484317906486e-04
1.292999700000000141e-01 -1.501293720790859514e-04
1.294000460000000186e-01 -1.478860916242429014e-04
1.295001219999999953e-01 -1.456788248102589077e-04
1.295999439999999947e-01 -1.435334275844173590e-04
1.297000199999999992e-01 -1.414233976007527548e-04
1.298000960000000037e-01 -1.393731594951810957e-04
1.298999179999999753e-01 -1.373694159233851484e-04
1.299999939999999798e-01 -1.353996544537330914e-04
1.301000699999999843e-01 -1.334868684107734559e-04
1.301998920000000115e-01 -1.316075104139444835e-04
1.302999679999999882e-01 -1.297832809904305362e-04
1.304000439999999927e-01 -1.280023141072818499e-04
1.305001199999999972e-01 -1.262535286442341539e-04
1.305999419999999966e-01 -1.245573785024420017e-04
1.307000180000000011e-01 -1.228929018960720279e-04
1.308000940000000056e-01 -1.212794446142523725e-04
1.308999159999999773e-01 -1.197062949073941546e-04
1.309999919999999818e-01 -1.181639414806038863e-04
1.311000679999999863e-01 -1.166702064689733128e-04
1.311998899999999857e-01 -1.152067136813974619e-04
1.312999659999999902e-01 -1.137904541689483057e-04
1.314000419999999947e-01 -1.124121013220699905e-04
1.315001179999999992e-01 -1.110631596152265573e-04
1.315999399999999986e-01 -1.097593734734602511e-04
1.317000160000000031e-01 -1.084845829297189268e-04
1.318000919999999798e-01 -1.072537474963593907e-04
1.318999140000000070e-01 -1.060585563331834262e-04
1.319999900000000115e-01 -1.048918067120192300e-04
1.321000659999999882e-01 -1.037670268338561390e-04
1.321998879999999876e-01 -1.026768754565190637e-04
1.322999639999999921e-01 -1.016145653938460873e-04
1.324000399999999966e-01 -1.005925167348001602e-04
1.325001160000000011e-01 -9.959821704774946081e-05
1.325999380000000005e-01 -9.864302448096494132e-05
1.327000139999999773e-01 -9.772075207563234091e-05
1.328000899999999818e-01 -9.682572075761618354e-05
1.328999120000000089e-01 -9.596831907716430778e-05
1.329999880000000134e-01 -9.513806614136001742e-05
1.331000640000000179e-01 -9.434451941643126973e-05
1.331998859999999896e-01 -9.358236919891811407e-05
1.332999619999999941e-01 -9.284713686938037263e-05
1.334000379999999986e-01 -9.214717943935071798e-05
1.335001140000000031e-01 -9.147409372596204875e-05
1.335999359999999747e-01 -9.083549799939606804e-05
1.337000119999999792e-01 -9.022714449688482344e-05
1.338000879999999837e-01 -8.964547802567679480e-05
1.338999100000000109e-01 -8.909714725793062588e-05
1.339999859999999876e-01 -8.857554969282211527e-05
1.341000619999999921e-01 -8.808654908982448139e-05
1.341998839999999915e-01 -8.762691345552731418e-05
1.342999599999999960e-01 -8.719391868119894765e-05
1.344000360000000005e-01 -8.679259744229275958e-05
1.345001120000000050e-01 -8.641796323468981455e-05
1.345999340000000044e-01 -8.607444850649584799e-05
1.347000099999999811e-01 -8.575960617698580746e-05
1.348000859999999856e-01 -8.547163556411675235e-05
1.348999079999999851e-01 -8.521390717530240625e-05
1.349999839999999895e-01 -8.498462032849981500e-05
